160
4 348 32 315 474
4 277 484 462 326
4 221 201 147 93
4 182 403 264 454
4 24 3 495 19
4 337 431 482 310
4 208 236 189 360
4 371 369 120 197
4 50 72 158 213
4 329 387 80 319
4 486 196 294 159
4 86 292 392 66
4 420 112 186 16
4 89 356 132 423
4 154 35 119 106
4 448 237 18 452
4 298 405 278 475
4 33 441 350 40
4 251 217 463 279
4 20 375 90 14
4 69 419 492 352
4 210 92 101 421
4 442 138 26 156
4 11 95 148 12
4 165 115 271 199
4 364 190 79 187
4 266 362 434 214
4 1 188 70 155
4 97 200 252 8
4 28 13 295 359
4 17 21 430 60
4 307 180 81 333
4 407 330 193 144
4 285 306 56 347
4 71 286 384 401
4 373 322 289 123
4 299 288 345 141
4 468 328 7 473
4 128 300 497 175
4 212 494 136 15
4 263 64 225 76
4 433 166 451 455
4 231 411 47 358
4 397 443 38 163
4 282 114 336 414
4 256 170 91 388
4 334 174 226 301
4 233 268 320 273
4 424 177 311 353
4 25 73 78 230
4 467 234 376 27
4 111 0 151 45
4 261 378 302 247
4 162 367 52 109
4 46 113 31 5
4 396 121 195 164
4 152 400 438 499
4 496 61 324 422
4 117 394 48 365
4 139 181 118 207
3 410 96 469
3 409 65 339
3 351 36 107
3 453 459 445
3 240 105 480
3 338 10 203
3 108 412 415
3 429 34 313
3 6 149 341
3 219 449 260
3 385 87 129
3 331 67 249
3 323 490 23
3 395 498 276
3 399 270 439
3 244 258 274
3 437 218 68
3 391 458 318
3 460 235 366
3 340 377 192
3 283 134 198
3 267 44 100
3 472 390 22
3 447 363 168
3 229 355 55
3 425 284 232
3 427 316 491
3 216 143 444
3 379 332 41
3 227 153 242
3 461 368 124
3 204 450 172
3 476 389 99
3 29 343 293
3 372 361 54
3 269 280 413
3 303 432 202
3 254 125 43
3 471 245 30
3 116 185 304
3 342 84 59
3 37 104 382
3 354 259 223
3 150 446 418
3 160 398 222
3 131 53 209
3 325 493 224
3 169 63 57
3 75 74 321
3 137 239 103
3 9 488 211
3 39 184 205
3 317 479 408
3 402 281 145
3 94 417 241
3 83 464 130
3 470 404 344
3 102 77 194
3 178 383 290
3 456 191 238
2 483 481
2 161 305
2 297 243
2 171 98
2 248 49
2 489 135
2 127 4
2 179 157
2 436 465
2 416 380
2 349 250
2 88 435
2 309 133
2 176 275
2 272 42
2 255 457
2 478 381
2 327 287
2 291 370
2 246 262
2 346 393
2 51 466
2 58 487
2 485 85
2 257 406
2 314 146
2 296 440
2 110 477
2 167 173
2 183 62
2 428 308
2 140 426
2 357 126
2 253 2
2 386 122
2 312 82
2 206 228
2 265 374
2 142 220
2 215 335
