1628
4 6329 8287 8671 5239
4 2589 5389 1524 3267
4 3114 8089 2942 8148
4 2193 5121 1495 847
4 1159 5246 3795 5796
4 6309 5570 1429 7710
4 2475 8834 4848 6851
4 9555 3028 7756 8197
4 4475 6213 6584 7363
4 6312 8417 8263 3295
4 2843 2964 4574 4208
4 645 4221 7786 8785
4 3626 2802 828 371
4 9123 5517 421 2548
4 4640 3499 3629 780
4 7954 9906 3542 2950
4 4773 4856 5357 5949
4 8754 753 5592 766
4 6016 3149 8895 7262
4 5616 5515 8322 7664
4 4588 7509 5429 6404
4 4100 6553 3368 3228
4 727 7569 6651 2061
4 7984 4943 4036 9618
4 9689 7444 1322 8865
4 1737 4527 2484 5756
4 103 7923 9338 5359
4 1210 586 2592 4106
4 4430 59 3540 5823
4 1199 1422 9165 5583
4 6459 4284 6899 7202
4 9235 7357 2861 6205
4 3945 3842 3024 9818
4 6632 405 6655 4246
4 4141 7911 6640 4406
4 8347 998 3730 1740
4 1214 4516 1720 1357
4 1090 752 6495 3272
4 9651 8733 615 8168
4 6175 6746 7704 9900
4 3309 6436 2459 1340
4 5295 2728 5090 5727
4 174 7733 1853 9354
4 5104 8777 2600 398
4 4390 370 6444 1591
4 5001 1101 392 110
4 5149 8272 8338 2545
4 8653 5913 1329 6582
4 5231 6381 245 7724
4 4551 8397 6313 1248
4 2094 1339 1869 4694
4 8235 849 3808 9487
4 8775 2112 49 7233
4 2212 9690 5766 4961
4 120 1936 6647 9213
4 6255 1965 213 1316
4 4147 8968 6170 9247
4 820 7859 9070 8991
4 5211 5156 4469 2536
4 7551 9612 7613 8626
4 6814 8608 9572 864
4 7090 4041 5151 4135
4 5526 8977 5172 5427
4 9267 5666 1385 8199
4 636 7170 8873 4297
4 1361 2558 1729 583
4 7445 8479 2019 8485
4 7805 674 5350 8384
4 6735 7365 5835 6777
4 3293 7302 8116 804
4 6952 6208 2584 745
4 5886 3875 730 3933
4 3615 2331 7148 82
4 1479 11 973 9974
4 4357 7592 9238 8407
4 3765 9626 8835 1396
4 666 4558 9552 2368
4 336 4301 9126 3987
4 9605 453 4628 4194
4 5487 6668 3887 4386
4 3845 3096 6782 9263
4 8651 9529 3055 4771
4 379 7100 5446 9196
4 7145 7198 2246 8766
4 2632 3505 1212 3273
4 7104 9471 7516 7532
4 8978 8119 4916 137
4 3942 5815 2364 461
4 1353 9978 8284 2488
4 9568 513 1037 7368
4 4746 4617 2141 854
4 2395 5214 6300 3844
4 2752 76 5593 9128
4 9532 1344 5875 1568
4 6762 7542 5494 1620
4 1783 7008 4477 5083
4 936 9270 2162 2096
4 1542 9986 188 7319
4 4637 3904 7961 4904
4 297 2481 4244 6913
4 6923 5651 443 7945
4 4877 5492 4235 9004
4 706 7367 4863 5918
4 8314 709 604 2138
4 9888 5416 9745 3583
4 1587 6623 1571 4449
4 842 3757 6042 1287
4 8603 5383 2467 2935
4 3120 5052 6639 2999
4 8189 4521 1718 3420
4 7108 6359 2228 6064
4 1684 4703 2038 6839
4 3870 5916 2687 9761
4 7529 649 7255 7457
4 2489 7524 5763 4774
4 3155 5729 281 4482
4 1787 5553 3135 6155
4 7413 8721 4292 7136
4 1822 2196 4705 9129
4 2582 2297 1756 7549
4 7595 5665 2968 8267
4 5713 3457 6428 8387
4 4808 7725 4659 9511
4 7960 67 4318 9383
4 44 7555 3692 3553
4 6050 8478 3047 3899
4 5800 9965 2575 1094
4 5744 1277 4361 5046
4 1988 7715 431 2259
4 2222 2674 8500 8947
4 7208 6902 58 4702
4 9614 5881 4322 4240
4 9241 5919 1081 8803
4 8606 8641 403 3037
4 8837 573 5308 7939
4 5625 1127 9019 1036
4 1677 2759 7751 2570
4 6160 7330 5602 4857
4 2294 5175 9131 6638
4 2117 1734 4136 9490
4 5209 1998 5058 6240
4 9963 4004 2115 8336
4 3083 457 3496 3196
4 4693 2356 9620 5006
4 0 5219 145 328
4 4734 1830 4090 8375
4 9952 4690 2905 7409
4 2101 7083 9545 7927
4 2870 5101 2008 6373
4 4161 65 1556 9538
4 6614 3697 9419 4867
4 7101 7362 9374 6981
4 7525 1484 6123 6534
4 4074 7305 6466 3563
4 995 9895 4859 3715
4 5905 5845 194 8654
4 6320 6197 1491 6702
4 8854 4502 6985 8585
4 8229 4716 8767 3015
4 8004 9554 818 4230
4 5839 6827 1851 5174
4 7064 2080 9168 1810
4 8452 3370 8714 1845
4 7700 8238 1085 9576
4 6935 4490 1411 1114
4 8506 9765 425 3475
4 47 3940 1115 6500
4 7259 6925 9433 8990
4 4966 7936 4989 1423
4 4405 8689 3364 3664
4 7825 7934 723 1980
4 5251 4986 9078 9629
4 5163 8828 2167 5791
4 3042 4983 177 4912
4 9119 7308 2963 2499
4 2070 4884 2243 3072
4 2932 9718 1388 2619
4 8833 3022 1492 802
4 7204 9514 2155 1984
4 2043 7424 6914 6168
4 9594 4847 4112 5330
4 1561 2862 2106 4311
4 1766 1117 6823 6824
4 8085 1383 5522 8437
4 8187 738 3677 4727
4 9692 4925 8186 6316
4 4340 7881 9873 8636
4 1231 1233 3407 1509
4 5136 2598 7374 5253
4 4410 7577 343 257
4 976 2579 7515 5983
4 3748 7953 2148 6613
4 1671 2165 1708 7385
4 4917 1505 3607 1812
4 6252 3082 4473 4604
4 1899 8851 1713 6231
4 251 8644 8938 6134
4 8487 1261 2749 9748
4 6337 3107 2328 9483
4 5652 3593 683 9599
4 9569 8183 4644 9182
4 2604 9307 321 7944
4 6273 9154 5926 7950
4 7359 4725 9390 3176
4 682 9691 7436 4579
4 8079 5377 6756 7346
4 71 5363 7579 7744
4 9797 6873 55 3647
4 8736 9946 2203 628
4 1146 4415 5785 1975
4 6253 9813 1071 1526
4 7349 8814 7748 9784
4 3978 2828 774 3259
4 4695 9575 9836 4506
4 7290 2610 394 2064
4 2994 3463 4742 4179
4 87 4550 8200 5366
4 8964 2596 210 7796
4 678 2456 9325 8529
4 3896 4170 7 8097
4 249 7166 7369 8036
4 3062 9546 7792 1598
4 9747 3257 6363 7329
4 5518 3969 5758 3830
4 8392 6098 4670 9243
4 2313 7168 4949 1546
4 7872 9894 4374 6583
4 4631 5310 7697 7078
4 1174 1136 3484 6297
4 4099 2809 8320 7430
4 4577 3302 6784 6957
4 1488 2736 7439 5048
4 2267 7896 7770 6352
4 4796 6476 4839 1804
4 6012 9365 9778 4038
4 5157 2345 1717 6959
4 432 3656 5028 1618
4 6602 9779 2585 7972
4 5653 1487 6724 6451
4 4233 9527 4928 9038
4 8650 4557 4582 9719
4 876 7791 2305 5462
4 7316 2957 289 6111
4 2461 3775 1724 5540
4 8842 2922 608 4964
4 5776 3137 5131 1508
4 7721 7567 5375 5873
4 9320 8849 6353 7618
4 4940 2944 8252 3352
4 2089 6677 9737 7861
4 1160 7703 532 1430
4 3746 9159 948 565
4 60 6450 1861 3648
4 2293 6870 1895 1371
4 7426 1427 7494 2572
4 9035 3745 7274 3142
4 115 5972 7757 9063
4 4076 7583 8326 4656
4 6405 1971 9256 214
4 8047 6390 8658 4685
4 839 6187 9942 8711
4 5599 1564 6580 3087
4 8625 5045 4139 1061
4 4509 219 3794 2124
4 750 8591 4501 7130
4 8438 9917 3579 5705
4 4630 900 5989 3516
4 8468 1359 1742 2652
4 8732 7863 4320 1884
4 4826 4883 9271 8056
4 4465 3950 6149 7834
4 4638 1552 1964 8432
4 2859 4959 1640 4561
4 2342 3455 3781 6558
4 132 3912 5770 613
4 962 6711 4491 850
4 9959 9851 2213 3547
4 1418 5566 6377 9459
4 8997 4995 2628 7151
4 9107 1004 902 8861
4 3891 9295 9356 384
4 1889 9907 2062 1433
4 4044 45 8286 522
4 8277 8911 1934 7356
4 8258 801 5931 7673
4 1203 6144 171 1532
4 5579 3134 8152 9086
4 1996 4965 8679 2627
4 4619 5250 6699 4016
4 7326 3877 8201 9769
4 3736 3689 3543 4131
4 8044 8607 2723 1058
4 3126 9305 6396 6520
4 8683 2300 1711 9686
4 5829 9807 8563 7313
4 2190 1648 7201 912
4 1703 9649 589 2544
4 1209 1166 684 7937
4 3894 3809 7543 3582
4 4951 404 4902 5013
4 8907 831 3869 9921
4 7079 2136 4711 8332
4 8010 8868 1013 8426
4 4359 9528 7212 8367
4 7267 8692 8872 7238
4 3 9179 4524 7540
4 7907 9755 8965 2727
4 4456 62 836 3573
4 714 1650 2210 8418
4 4030 9853 4874 6697
4 916 7726 9866 3276
4 4151 8612 7490 9746
4 8898 7814 6220 2814
4 3956 7545 2962 5085
4 7862 8677 6176 378
4 7196 2990 6477 6038
4 7441 3825 452 8240
4 3567 1538 2920 8026
4 2399 6514 9096 9
4 3632 8639 2386 4623
4 3223 4367 4496 3674
4 8242 3555 9106 909
4 4592 8553 7050 6448
4 1336 3885 164 2045
4 9048 7633 8746 8745
4 7692 3451 8058 381
4 4861 8465 3623 2819
4 8707 1100 3519 5236
4 4150 3052 9156 2726
4 7824 791 9732 639
4 9124 7210 2612 7696
4 3170 3895 4990 8712
4 4043 3511 2985 4293
4 5441 5970 8918 8132
4 2887 5772 7880 2047
4 1707 7888 1636 9158
4 7466 7231 8667 8425
4 18 6192 7647 3883
4 5908 2952 6481 2785
4 6060 7684 7153 2686
4 8722 9795 4942 8063
4 9426 6680 1621 3518
4 2565 4655 6193 9966
4 5982 2170 8509 1726
4 5945 9703 1047 5183
4 1001 8796 4572 3678
4 525 9366 1196 1589
4 4167 4559 8129 5096
4 7135 737 2890 6769
4 3133 2023 9602 8250
4 4788 8752 2185 9695
4 675 38 7777 63
4 326 8346 4137 8233
4 8348 8815 9286 5277
4 6389 1330 4627 5622
4 4752 5752 8601 9344
4 2629 4102 5683 6063
4 7149 5939 3367 4058
4 3686 5547 7876 9382
4 7451 8382 1372 6090
4 9559 6698 2772 5551
4 5902 3323 8652 6196
4 2669 7922 8094 7603
4 6700 8275 6266 4886
4 201 6612 7216 6133
4 4134 2883 778 7629
4 8682 4079 4439 1796
4 1817 7648 2343 7502
4 8923 8167 7920 9431
4 6107 4331 618 3557
4 2879 8779 3857 8954
4 8449 8133 5720 2718
4 6022 5909 347 7250
4 5941 2535 1347 6364
4 2125 56 9961 4314
4 7464 8198 9806 4286
4 1510 9828 9443 3913
4 7253 5773 6180 5342
4 8115 7057 2282 5865
4 5556 8750 1765 4363
4 5042 2260 1467 5856
4 296 8571 150 9275
4 9549 8179 2571 6567
4 5854 2123 2091 1833
4 197 6147 4291 1406
4 8176 1378 9173 1382
4 4607 5476 3002 2754
4 332 5233 9072 1341
4 970 1601 5081 5771
4 9751 9283 5962 2344
4 7981 9848 2683 593
4 992 7412 5164 4596
4 7094 8434 1512 7119
4 301 676 9327 2353
4 6809 2274 9028 2745
4 229 5529 1712 6110
4 9009 365 7819 2254
4 2060 3480 1326 4865
4 2591 1800 2309 3840
4 6415 5671 5904 4165
4 1200 6965 6334 654
4 6017 2939 9192 7970
4 8388 7321 9151 4402
4 9036 6627 3443 8857
4 4573 1522 8172 3641
4 3357 9135 1450 9846
4 4489 7489 3376 8166
4 4958 118 4057 2982
4 5061 8259 8138 441
4 2340 8363 9585 6988
4 7672 5891 1747 594
4 6834 6046 3655 9962
4 1839 1271 6662 6340
4 5921 7522 8253 7382
4 1023 6550 2642 5686
4 1027 3672 6102 7975
4 4879 3828 5808 8524
4 208 1364 2601 7778
4 6410 3356 7220 4814
4 9709 1122 7764 3944
4 6738 1946 5860 5959
4 7841 3379 2661 6757
4 3280 1440 717 884
4 5563 2102 3104 8597
4 844 3951 2191 7215
4 7018 5019 7447 3145
4 8616 5527 9523 3566
4 5777 1819 915 8049
4 9864 559 3442 2160
4 9341 1955 5573 1767
4 6976 2351 1523 2401
4 1029 1912 1164 8695
4 8493 6611 2806 6280
4 5268 6749 6129 797
4 5732 5255 7851 2085
4 7443 2036 4653 7610
4 3718 6616 1535 3708
4 9376 6956 1886 1743
4 6547 6577 3761 5461
4 9637 1439 887 2672
4 5710 6714 3728 4498
4 1694 8517 4696 373
4 1050 184 8372 7643
4 1825 7344 7839 6430
4 1476 9350 4040 9856
4 8477 4173 6938 8501
4 3167 9908 689 8670
4 6398 7155 4091 5244
4 877 8470 2516 6467
4 2697 3508 4442 4933
4 529 7296 53 1673
4 5387 7518 7699 3924
4 8431 6578 648 5657
4 413 407 4126 3561
4 597 8811 2776 9976
4 6198 462 4706 8472
4 7463 3932 4185 2376
4 8297 6051 3889 6856
4 2811 8299 1049 9577
4 4600 5074 7375 2013
4 8193 4922 8737 6537
4 6811 9008 4837 6226
4 4480 4977 4801 1519
4 9849 7536 9220 7110
4 5323 4565 7677 2927
4 1191 6289 9499 5325
4 5751 142 5278 3905
4 4875 4704 5203 9359
4 4307 5849 4351 1480
4 9340 4973 3966 3750
4 9092 1976 2432 2144
4 9302 7653 7095 1570
4 9843 1266 3278 9223
4 4474 9885 307 3769
4 1167 8413 463 5631
4 5832 2245 5633 6419
4 1922 4392 8894 6028
4 937 1178 2009 7475
4 7221 3271 4657 7310
4 428 8642 7884 954
4 2906 5362 6479 7032
4 3355 9486 7391 2566
4 3906 6557 9525 1461
4 206 117 7096 5991
4 4907 5899 6463 1883
4 5094 3834 1649 4969
4 3188 1562 6351 8081
4 7993 8715 7088 6248
4 2713 6367 6031 4957
4 4222 4775 6770 2573
4 3125 2798 1763 2839
4 8530 6747 6370 2007
4 1584 1142 3526 6498
4 9678 5341 1249 9656
4 9289 5470 4381 2707
4 9491 3792 7988 1856
4 2 3214 8101 7237
4 6989 464 9968 540
4 6146 8701 9715 6984
4 631 9852 687 8629
4 9507 3727 5609 2947
4 5994 5182 8578 9542
4 5793 4200 6703 4578
4 4870 3802 3439 5474
4 5574 2941 2288 8908
4 7010 2323 5181 558
4 8376 5897 4532 1080
4 9111 3474 1073 1376
4 4876 9166 6 9065
4 7727 3791 3789 2647
4 9730 9971 7121 9397
4 3244 1866 9407 1471
4 8864 283 6234 9714
4 9977 3337 5279 8702
4 8952 8780 3437 5742
4 5498 414 9713 898
4 6887 3473 3311 7041
4 520 8866 2716 7052
4 5864 2974 3618 3121
4 2912 6171 7309 5192
4 773 3347 2987 8328
4 3783 858 556 85
4 7849 236 3004 3673
4 9326 8933 3229 4187
4 2793 3760 1321 859
4 3386 8756 6927 8932
4 3822 9539 4163 8673
4 5422 6571 2874 3025
4 7678 7808 2308 3743
4 9802 6263 6842 3997
4 7823 5235 3824 7534
4 5824 6184 6565 5207
4 9754 634 9741 8423
4 8931 9609 8430 8032
4 8356 7948 2795 926
4 9210 9870 3001 6656
4 9984 1056 4019 756
4 885 6994 4176 1276
4 2817 4427 924 3146
4 5056 40 4692 6336
4 8956 2649 9094 3564
4 8131 9250 325 1116
4 3993 4786 3527 9600
4 7546 4649 1714 1876
4 499 3544 846 5020
4 8542 6483 8442 362
4 2556 5044 2020 9450
4 6673 8915 2732 1374
4 8822 5544 3947 8035
4 7740 1307 3089 385
4 3112 5117 6630 313
4 7766 9650 3485 9583
4 9122 6794 7973 7209
4 1540 1040 3265 333
4 94 2406 5155 6713
4 7759 160 8981 6685
4 1202 6964 4155 5190
4 6426 4661 8632 6524
4 1989 3517 6882 1793
4 6742 6311 6731 579
4 5649 9314 4352 8446
4 8696 2538 6380 620
4 3536 1831 5324 2486
4 1930 3811 9075 5728
4 7197 278 124 8759
4 2006 4259 2367 7608
4 6510 8801 894 6010
4 5146 1161 10 2320
4 5643 9425 2705 6522
4 6778 6215 4598 9363
4 5488 8180 5548 8573
4 274 1096 1987 3306
4 2506 2634 4792 5627
4 627 6302 5559 7512
4 8276 7043 8114 5332
4 9717 7118 2164 4093
4 270 3385 1234 1820
4 1801 3608 7617 133
4 8751 5747 1874 3235
4 8453 6261 8567 6306
4 6671 226 9930 5733
4 8003 7658 5950 6342
4 1044 2281 6803 3308
4 3853 5610 372 7087
4 826 9016 5401 7671
3 2509 7768 7523
3 4375 5272 433
3 8466 6864 5205
3 5606 4671 2242
3 9246 3153 154
3 9014 2033 2088
3 5612 4095 7818
3 4000 1063 5336
3 4211 868 4522
3 7415 9880 3569
3 8021 8283 3106
3 1827 7956 4319
3 7521 8361 8163
3 34 8934 6681
3 9533 9197 6649
3 5794 9429 8660
3 646 2903 2295
3 688 1533 23
3 5920 2234 9446
3 9844 7015 8293
3 2154 2804 2265
3 1351 1701 548
3 9550 4111 5198
3 7036 6366 5313
3 5803 960 6805
3 4975 7425 5237
3 1119 8305 5017
3 3654 7561 358
3 3490 4887 5170
3 8440 1253 9187
3 1529 2841 6202
3 3558 9458 2848
3 9456 860 4669
3 2388 1323 1847
3 96 5191 5736
3 9183 7800 2390
3 8059 8646 6156
3 1963 8040 263
3 6881 2854 7983
3 9252 6972 4273
3 2470 2098 6178
3 5896 6003 8839
3 8031 8527 2631
3 2746 146 2734
3 9771 6275 3297
3 4650 8863 8464
3 4335 2405 9530
3 1778 3226 6666
3 4953 6358 9726
3 8145 3892 2783
3 446 7821 5353
3 4236 2221 3873
3 4720 3029 623
3 7809 1170 6659
3 2872 290 7407
3 2849 6849 8614
3 28 8824 5038
3 3203 1177 2095
3 139 1496 8633
3 5400 3714 1948
3 3497 1224 4855
3 982 4636 2498
3 4679 264 2105
3 5100 7870 6920
3 3191 409 1228
3 5530 8043 2253
3 923 3506 2028
3 6137 5907 9891
3 6719 2127 9794
3 947 6039 1994
3 1289 3983 1609
3 148 6800 640
3 2731 875 1753
3 9680 6093 6752
3 1744 1859 7558
3 5957 2555 863
3 3075 2055 3222
3 7249 1908 5952
3 6384 3861 2898
3 6492 6628 4625
3 4663 736 32
3 4228 7384 9137
3 8435 2937 7856
3 7689 6854 9143
3 9221 7802 8161
3 9140 8333 5730
3 5577 9561 6210
3 7931 2437 7219
3 7663 4758 2907
3 4089 5869 4209
3 402 9858 9414
3 7660 8940 89
3 9775 8637 4470
3 198 6693 5510
3 5641 2333 2025
3 4823 9418 5981
3 3839 5787 5998
3 6676 3358 7632
3 4487 8548 2931
3 9566 2925 7924
3 9570 6664 1464
3 5418 1811 3980
3 1602 7206 9062
3 1393 7674 8015
3 6544 37 6270
3 2081 6365 1645
3 8123 644 4840
3 5644 7157 6605
3 4611 7706 7247
3 7229 8648 6035
3 1979 3793 2587
3 4263 2877 9102
3 5496 4054 3488
3 3584 3239 1299
3 5948 7729 7753
3 7105 9941 9413
3 8256 8568 1514
3 4457 4717 7631
3 1569 2059 5813
3 6637 1102 9606
3 6256 5007 8402
3 9838 9582 393
3 3258 7785 4528
3 7500 7293 1735
3 931 708 7342
3 9862 4026 7812
3 2948 4215 2765
3 7400 2469 6484
3 5294 6473 3248
3 9667 3790 204
3 6541 6244 1129
3 9161 825 9047
3 9595 4206 5523
3 7159 3985 6188
3 8309 2766 7314
3 545 1888 9901
3 3060 9394 7024
3 8473 7460 1483
3 5234 7194 9588
3 329 500 1821
3 917 7175 1282
3 5111 8773 7499
3 1992 22 9214
3 6072 279 2000
3 6052 471 9996
3 2836 1678 2978
3 78 4052 8929
3 4562 6596 3123
3 9722 6464 9021
3 796 7826 86
3 3253 3433 16
3 8209 711 1923
3 2010 2205 7026
3 335 1230 4948
3 2621 5222 5378
3 2068 6528 439
3 5424 3559 6576
3 9145 6097 8810
3 2280 8876 5600
3 8516 5391 8264
3 3724 6718 1152
3 9699 3316 5993
3 5197 4133 8202
3 6903 3431 211
3 534 1835 8153
3 9104 7406 1681
3 447 642 1332
3 1658 1642 2762
3 183 2072 6725
3 9787 4046 149
3 3050 8988 9590
3 9201 6526 8688
3 9265 1656 5271
3 7550 9000 767
3 9526 1009 8022
3 8579 1435 9488
3 7003 5872 1413
3 7397 3817 7807
3 6005 2239 7117
3 3821 7454 3504
3 9226 1667 8697
3 2002 24 978
3 6328 5225 7361
3 8011 8570 3657
3 4269 3362 577
3 6478 1877 3202
3 3581 5106 3371
3 6152 2457 1069
3 1723 4254 3396
3 4566 7683 3902
3 6890 7398 9799
3 8930 7556 7951
3 2886 7190 4419
3 1653 7969 4946
3 3541 9121 2657
3 1400 7639 9716
3 6206 7661 7276
3 8027 1099 7298
3 8508 9276 3247
3 9871 8359 5026
3 2490 1267 3882
3 7058 3580 9580
3 9269 9464 70
3 8447 1870 7530
3 6326 5882 6497
3 5321 3375 9436
3 5721 9299 2891
3 5850 2407 2956
3 7383 1616 8239
3 4267 1201 5834
3 1335 2775 6715
3 4963 840 5503
3 6068 9368 4434
3 6737 2400 7278
3 6844 5166 3263
3 2875 6332 848
3 6243 4495 2613
3 322 2375 8342
3 2881 2120 4514
3 3339 968 8609
3 1154 8543 1799
3 781 3595 814
3 6058 4935 908
3 5213 512 4188
3 4821 192 9776
3 3219 3926 5531
3 6818 9083 7640
3 1157 7134 4198
3 2330 4713 451
3 7978 3031 3841
3 4523 6645 7553
3 3428 7152 1039
3 2024 6296 9743
3 5951 4871 7236
3 6540 3053 8037
3 4505 3893 8684
3 3509 2241 6866
3 8663 1867 4777
3 2337 7559 4994
3 186 31 2398
3 2159 9734 7624
3 5133 2046 611
3 4032 8244 7178
3 2358 5954 9922
3 1303 7734 147
3 7868 9578 4932
3 1183 7103 6128
3 8823 3935 4078
3 1696 4011 6228
3 834 4926 2410
3 8325 7275 6161
3 5513 8643 3189
3 4708 131 1475
3 656 2533 3930
3 4092 303 2143
3 1632 949 5134
3 9584 5086 3943
3 6185 590 1612
3 6246 3786 7803
3 5060 2428 3039
3 1132 5118 1077
3 1389 1197 1318
3 7480 7964 7315
3 8806 5586 7895
3 7992 9043 6036
3 172 3006 5567
3 1409 3590 7351
3 1313 1171 6574
3 9647 8859 1595
3 7496 8771 4914
3 9631 9682 8584
3 4892 3092 5912
3 9503 4731 1426
3 2335 2741 958
3 9988 8602 3261
3 2993 7602 7037
3 4822 5898 5901
3 3747 1563 8143
3 8150 5812 6002
3 8204 4279 7564
3 6726 662 8675
3 9879 3859 2393
3 8108 6983 5879
3 6674 2422 703
3 5140 4217 1754
3 3227 8222 6457
3 6096 1732 1527
3 1881 9684 3991
3 7557 541 8541
3 467 4066 1140
3 6744 6733 9434
3 3884 8996 1574
3 8728 465 2326
3 6153 1381 1704
3 8772 7850 9675
3 1256 965 2835
3 7461 9812 1507
3 9519 5077 396
3 7186 7318 8144
3 9453 1237 5767
3 2464 6741 6919
3 862 3537 2590
3 3914 9274 7843
3 8462 9323 9597
3 9229 6648 1840
3 9361 9644 9029
3 8486 4193 401
3 4055 3158 2480
3 6835 3973 866
3 1205 9655 7949
3 9234 5489 3712
3 1106 8961 4555
3 1750 3408 456
3 8874 3391 4371
3 7741 8776 1015
3 8232 8729 728
3 5128 9073 1664
3 6245 6099 6053
3 2712 6411 3744
3 4478 1469 5723
3 4680 7594 7554
3 3005 955 178
3 7102 1806 3127
3 6529 9560 9222
3 6368 4668 845
3 7501 2296 7659
3 3012 5080 4664
3 1959 8205 7423
3 1369 269 234
3 1010 2005 635
3 6201 9198 3216
3 3105 9543 1437
3 2597 4537 3262
3 17 5928 2928
3 5072 1445 4398
3 8821 1179 7112
3 1235 4833 3129
3 6490 1669 1109
3 5380 2702 5709
3 5355 8139 7933
3 4425 5699 760
3 1305 2953 6350
3 6344 2389 803
3 5569 2892 622
3 4546 6258 4197
3 5238 2983 7877
3 7943 2268 2418
3 8373 3131 8845
3 3600 7526 1939
3 7230 1549 7077
3 2527 341 7889
3 7013 8374 4094
3 159 6118 1105
3 7917 1639 2334
3 9887 1802 8215
3 2134 2220 2740
3 7828 4726 5066
3 835 156 5327
3 3530 4791 4358
3 4399 1084 8994
3 7665 3246 108
3 4262 2664 8889
3 9331 2578 5373
3 7783 7642 9920
3 6868 4116 4997
3 4738 4387 6294
3 4544 8703 5457
3 9134 1952 609
3 3531 4452 3929
3 6705 8321 2503
3 9332 9475 7903
3 359 4393 9022
3 8519 6937 9564
3 6361 9993 5958
3 9261 3020 1898
3 8241 4688 972
3 2812 9551 8134
3 3523 2303 4549
3 6585 4171 2277
3 3136 4144 4552
3 5262 1250 6446
3 8450 9105 7176
3 230 1181 1130
3 1506 8659 888
3 5836 9149 6513
3 9294 4873 2954
3 5788 2278 9987
3 9496 6635 5483
3 6847 3617 4328
3 477 4810 7694
3 1308 7030 8967
3 152 3011 7904
3 8726 8797 3212
3 3141 1970 5584
3 5451 9476 33
3 9833 1068 3691
3 3059 719 6421
3 3412 8498 2769
3 6591 5442 2495
3 795 8160 3318
3 170 123 5685
3 1951 7286 2473
3 3854 6132 4689
3 672 2129 489
3 7866 7146 8247
3 6487 5714 6761
3 480 2324 9336
3 2485 9251 1961
3 4238 7878 9194
3 6076 4585 3161
3 7581 7634 4124
3 6960 1837 3097
3 6549 9398 3939
3 7966 4987 8053
3 3493 9280 5731
3 6604 1751 2402
3 83 9767 9664
3 4981 8458 346
3 8212 1135 81
3 7127 2514 5162
3 6203 7686 1279
3 2515 4400 5254
3 4164 4048 1818
3 8137 6901 1194
3 151 8870 4107
3 5256 2722 4639
3 6127 4936 3445
3 7606 2412 1986
3 2226 2240 5658
3 2235 7386 4677
3 735 2926 8019
3 9635 4031 9171
3 8068 7875 2743
3 6932 757 2781
3 549 6915 2381
3 1162 2808 4467
3 253 4992 8781
3 9333 1012 6025
3 794 6008 316
3 1897 5035 9791
3 8128 5615 2424
3 953 7739 3299
3 2694 7886 4960
3 3513 4818 5594
3 8038 2529 6356
3 4325 1260 2658
3 4356 7138 5558
3 8537 3860 8540
3 4064 1629 7187
3 6291 9204 4750
3 7853 4047 956
3 5043 6112 9710
3 6971 9328 6472
3 3038 7218 4220
3 4214 5460 4898
3 8886 6831 8972
3 4571 7320 3394
3 2153 7281 3132
3 168 175 2715
3 5819 1288 3330
3 1079 7902 3704
3 726 7596 1809
3 9896 2863 6094
3 3898 5426 6264
3 5471 8393 2264
3 9759 1021 3231
3 7211 6391 9721
3 2648 5397 5245
3 5966 8045 8562
3 5628 2011 217
3 9272 2977 5582
3 5986 6646 6942
3 9877 6563 4769
3 899 3927 97
3 7695 3099 9933
3 9342 388 458
3 3322 3332 5088
3 4483 5208 4097
3 9085 2761 5178
3 1031 554 4308
3 3498 7675 1862
3 3990 3644 5449
3 20 725 2199
3 2711 9611 3903
3 1065 5212 7669
3 5969 1838 6721
3 8028 3880 7123
3 7946 6157 3670
3 8610 2685 6727
3 7995 232 9868
3 7260 2803 568
3 2805 5371 2852
3 1652 6917 9091
3 8298 6315 7289
3 1920 8273 8383
3 2801 8617 8411
3 5769 8080 7270
3 7068 9176 1452
3 7990 1892 466
3 3645 6232 8368
3 4412 8219 5977
3 4538 8323 7914
3 1993 582 300
3 1270 4534 964
3 5240 6610 6833
3 2462 9348 6569
3 3424 7432 2347
3 2934 550 2304
3 9752 9225 8725
3 6841 8717 1943
3 6148 1836 9914
3 7252 5508 9927
3 6636 1259 8672
3 6015 8379 5316
3 1868 1590 8555
3 5784 7991 4595
3 4451 3753 5200
3 3242 3021 5833
3 6836 6857 6323
3 6551 1547 1516
3 1843 8327 4488
3 9625 5467 733
3 5008 240 8698
3 9970 7788 5724
3 4787 6269 5379
3 9854 1688 605
3 1882 487 1137
3 8304 5741 4918
3 8572 9352 8593
3 7116 6055 504
3 3205 5719 4894
3 252 8456 5924
3 686 9337 7416
3 3366 39 602
3 5917 1118 7731
3 6682 2949 9706
3 6257 3233 3476
3 2140 8093 5672
3 7493 3807 1755
2 4529 9209
2 9297 8006
2 6443 1663
2 7228 8734
2 1761 8740
2 2472 1086
2 7713 3984
2 8206 9948
2 4407 9423
2 4056 6531
2 6177 5980
2 5848 459
2 2608 4323
2 9711 3381
2 3344 5343
2 2668 5694
2 596 9892
2 1909 5276
2 7507 1983
2 8986 5206
2 693 9157
2 3539 7387
2 7752 3588
2 514 6773
2 4807 2087
2 7333 7614
2 444 4982
2 6560 4001
2 5534 8950
2 4504 3402
2 3665 5598
2 8694 2173
2 3694 8223
2 1311 8880
2 4798 9663
2 4724 9985
2 2237 3636
2 8073 9855
2 3491 4339
2 1865 4978
2 8319 7419
2 6766 7085
2 6480 2924
2 3256 8196
2 5944 4882
2 4766 7020
2 3866 4635
2 3813 153
2 4508 8454
2 1593 1953
2 3578 2442
2 6087 6189
2 218 5550
2 1296 1978
2 7761 6304
2 2370 2786
2 7565 3449
2 643 395
2 6852 5098
2 3274 209
2 8177 1502
2 5024 9673
2 4518 3621
2 793 8731
2 8340 2289
2 2996 7957
2 886 3422
2 2065 7898
2 1093 4841
2 562 5148
2 3515 3225
2 207 6259
2 3818 4096
2 7048 911
2 4979 2799
2 14 2595
2 7371 2676
2 2198 1333
2 1172 9524
2 6939 5059
2 5885 7322
2 8804 8778
2 2751 30
2 7942 1453
2 8344 5161
2 1614 5346
2 9768 6948
2 2216 4104
2 2207 603
2 4678 8975
2 865 7804
2 1781 9995
2 9114 101
2 4672 673
2 3353 5779
2 4564 1606
2 1062 9013
2 8353 6199
2 7813 157
2 1404 7899
2 4675 7662
2 9068 8534
2 3651 5887
2 3596 4298
2 4605 5443
2 9957 9679
2 6533 6104
2 9540 1749
2 9248 8401
2 8753 7544
2 677 4202
2 4691 68
2 4880 6600
2 2911 6409
2 4858 6862
2 8832 4790
2 355 9863
2 6944 7588
2 7971 1728
2 8525 6748
2 7132 6669
2 7835 4842
2 1284 3174
2 8507 5536
2 9535 5199
2 4403 9633
2 4662 5578
2 6425 5482
2 6962 8523
2 4248 3749
2 5825 1046
2 9804 5947
2 6922 7815
2 4312 4333
2 4567 3806
2 8136 3681
2 2873 7177
2 1133 7251
2 4466 4069
2 7717 5863
2 7074 8221
2 5097 7091
2 6471 7150
2 4 4511
2 7693 203
2 2378 8289
2 7616 6429
2 6675 7925
2 4767 6554
2 919 5903
2 9380 2215
2 8539 1188
2 5894 6121
2 5376 5040
2 1911 9468
2 6485 4245
2 1043 2889
2 3144 8502
2 2531 2310
2 7410 7574
2 896 4910
2 4479 1032
2 1206 6432
2 8640 4355
2 3147 173
2 5505 7586
2 9935 3046
2 4747 2272
2 9954 9553
2 7607 3334
2 7514 9230
2 8561 225
2 516 8210
2 8900 740
2 7666 5511
2 9773 3199
2 8709 483
2 1497 8398
2 5160 7742
2 5481 819
2 9944 3090
2 9785 9603
2 1416 6402
2 1377 4950
2 5698 430
2 4468 8727
2 2444 4172
2 6225 9830
2 3972 7578
2 4344 6085
2 7273 9227
2 6145 9573
2 8758 3124
2 8355 8310
2 977 9613
2 3888 3587
2 502 5386
2 5047 5690
2 7491 3610
2 13 2583
2 6229 6993
2 2231 6452
2 8638 8556
2 189 9931
2 6307 8282
2 2149 5409
2 1716 4447
2 7959 5853
2 7688 930
2 8985 1220
2 472 9015
2 3017 2451
2 6301 193
2 3570 2271
2 258 1110
2 473 5895
2 1060 3085
2 821 8618
2 8546 1536
2 9548 4699
2 7388 7065
2 3425 6812
2 3949 4143
2 5082 7165
2 940 5173
2 3411 7140
2 1668 3192
2 2104 221
2 7743 1424
2 2946 1184
2 3721 1972
2 7307 9367
2 4369 5613
2 2318 9205
2 6787 136
2 5167 1891
2 4634 7060
2 6590 2824
2 3213 576
2 2577 1935
2 7962 199
2 8086 1006
2 5171 7311
2 3827 3266
2 7163 3521
2 1774 2546
2 511 4591
2 6233 4156
2 1788 2425
2 2466 2789
2 9100 7980
2 570 7471
2 1849 6516
2 5122 5466
2 415 4553
2 9002 4732
2 6620 3178
2 5910 7758
2 5168 2179
2 2137 2483
2 3482 4762
2 4893 4599
2 2929 2435
2 9099 9215
2 9659 1227
2 4736 3044
2 4906 789
2 526 934
2 7667 4009
2 8808 376
2 7360 1586
2 5514 5413
2 6963 2314
2 2750 1403
2 8919 5012
2 1504 271
2 7092 1002
2 9617 4224
2 7906 5472
2 9406 8009
2 5778 9958
2 9742 2554
2 7622 3787
2 626 7019
2 9282 5617
2 3911 2825
2 7820 3917
2 6822 8316
2 8564 7847
2 1814 6034
2 906 2771
2 2232 2357
2 5368 9500
2 2016 6095
2 305 2560
2 9089 1904
2 419 4980
2 2537 6904
2 304 1208
2 651 5333
2 1928 1513
2 5107 984
2 8903 5473
2 7541 2691
2 739 2709
2 8791 1695
2 9876 6065
2 3115 1290
2 2671 7919
2 7243 8770
2 5361 3078
2 4709 2163
2 6343 889
2 1292 2673
2 3679 6536
2 6772 827
2 8665 1494
2 9399 1221
2 280 7890
2 7014 2307
2 2690 4249
2 6581 3922
2 8635 1949
2 9003 6456
2 9999 9556
2 2169 4834
2 5265 4789
2 1559 3401
2 3719 4939
2 922 7600
2 3788 3186
2 4780 6506
2 8897 2128
2 5064 4174
2 5702 8987
2 6357 837
2 4783 7458
2 7246 57
2 5621 312
2 4247 2329
2 4804 7652
2 6074 6223
2 6958 2227
2 3773 5051
2 5356 3639
2 530 5701
2 7833 3008
2 9820 741
2 5382 4088
2 2603 990
2 6796 3327
2 1768 2900
2 6227 7483
2 2074 8318
2 3756 5345
2 1165 41
2 2022 4667
2 8685 4330
2 4646 2447
2 6174 2201
2 1848 4633
2 1646 9281
2 1699 5828
2 3057 5718
2 144 3862
2 2510 5676
2 1615 9724
2 2517 143
2 2172 5611
2 2184 2564
2 7185 1286
2 1283 241
2 2837 5639
2 7732 3281
2 9313 107
2 1762 7712
2 8067 7125
2 9188 3838
2 1665 9218
2 7223 769
2 248 6494
2 1198 8793
2 6454 2086
2 491 1275
2 5041 8955
2 574 268
2 8592 6953
2 3300 2689
2 7987 4890
2 6690 9859
2 4545 5329
2 2230 5663
2 8165 9240
2 3481 3698
2 983 4952
2 2549 9024
2 3879 6843
2 6607 784
2 5479 6828
2 9172 2532
2 318 348
2 7510 1613
2 2651 6739
2 6774 7394
2 3849 9233
2 1111 7547
2 4226 5125
2 8441 1627
2 7963 4740
2 91 1807
2 8164 8474
2 1192 6290
2 2121 1841
2 8412 4337
2 9329 1918
2 9624 5030
2 8836 417
2 5817 1195
2 8850 8380
2 9685 5187
2 771 5423
2 2427 8409
2 1700 8533
2 3878 2439
2 3286 8970
2 872 4149
2 2526 6158
2 1610 786
2 9744 6407
2 8786 1932
2 4723 659
2 1985 3301
2 6125 4231
2 4394 7459
2 9164 5189
2 5286 9181
2 8924 3810
2 8576 9929
2 6265 1554
2 9723 293
2 4530 7418
2 6990 9239
2 6126 9011
2 2431 6078
2 6740 468
2 4060 4891
2 1302 509
2 8410 6195
2 2747 6631
2 633 7264
2 7434 9749
2 287 3846
2 5844 7075
2 3798 8941
2 9489 3088
2 2373 7864
2 6720 2066
2 6293 4899
2 3716 163
2 6417 7377
2 2453 8075
2 6592 4435
2 8881 9882
2 3782 4251
2 3965 6606
2 5725 4513
2 437 2057
2 5067 7789
2 9260 7421
2 1683 9007
2 9822 4972
2 1120 695
2 2730 4285
2 3312 6393
2 3466 5177
2 9819 6420
2 6088 9810
2 9200 4648
2 5774 959
2 4196 5364
2 8645 7022
2 7081 356
2 8142 61
2 2586 2463
2 3154 6023
2 3819 182
2 2192 8784
2 3313 9044
2 1097 2550
2 8406 4098
2 2372 6973
2 2417 5680
2 9701 7098
2 9372 9698
2 9860 8103
2 3217 7584
2 1485 1685
2 4911 7222
2 4237 3438
2 6897 5978
2 6821 9557
2 6595 1350
2 6279 4255
2 8860 2508
